
d=11.3281;

w=-125*d+2365
